
========================================
Test number: 1
File: samples/sample_1.txt
Start time: 1773161912288662201 microseconds
End time: 1773161912288675456 microseconds
Duration of sorting: 13 microseconds

Data before sorting: 517 669 946 184 765 781 282 573 221 441 686 183 167 99 392 219 618 833 411 426 2 754 884 996 884 0 300 975 589 419 978 681 845 752 65 578 294 394 287 479 822 390 626 667 110 756 0 833 942 172 141 212 421 874 346 432 869 876 428 470 828 302 717 767 119 10 596 676 129 471 77 634 831 920 464 131 162 839 547 704 588 967 773 904 655 292 557 147 178 141 240 954 506 0 396 290 483 488 955 29
Data after sorting: 0 0 0 2 10 29 65 77 99 110 119 129 131 141 141 147 162 167 172 178 183 184 212 219 221 240 282 287 290 292 294 300 302 346 390 392 394 396 411 419 421 426 428 432 441 464 470 471 479 483 488 506 517 547 557 573 578 588 589 596 618 626 634 655 667 669 676 681 686 704 717 752 754 756 765 767 773 781 822 828 831 833 833 839 845 869 874 876 884 884 904 920 942 946 954 955 967 975 978 996
Number of variables created in memory: 4
Estimated memory before sorting: 400 bytes
Estimated memory after sorting: 400 bytes
Number of pointers used: 2
Number of new/delete operations: 0
========================================

========================================
Test number: 2
File: samples/sample_2.txt
Start time: 1773161917214787380 microseconds
End time: 1773161917214802127 microseconds
Duration of sorting: 14 microseconds

Data before sorting: 901 878 505 110 820 704 827 27 231 189 79 771 465 778 878 970 147 412 231 795 917 468 129 442 916 377 234 823 615 564 951 139 255 965 450 31 972 928 239 522 198 43 687 696 845 247 453 989 101 783 622 496 83 587 53 420 345 387 905 489 798 410 384 292 92 646 126 871 534 936 507 736 503 292 126 781 791 319 596 99 757 551 459 738 74 305 602 497 435 851 6 758 46 330 418 546 878 666 433 979
Data after sorting: 6 27 31 43 46 53 74 79 83 92 99 101 110 126 126 129 139 147 189 198 231 231 234 239 247 255 292 292 305 319 330 345 377 384 387 410 412 418 420 433 435 442 450 453 459 465 468 489 496 497 503 505 507 522 534 546 551 564 587 596 602 615 622 646 666 687 696 704 736 738 757 758 771 778 781 783 791 795 798 820 823 827 845 851 871 878 878 878 901 905 916 917 928 936 951 965 970 972 979 989
Number of variables created in memory: 4
Estimated memory before sorting: 400 bytes
Estimated memory after sorting: 400 bytes
Number of pointers used: 2
Number of new/delete operations: 0
========================================

========================================
Test number: 3
File: samples/sample_3.txt
Start time: 1773161919537265046 microseconds
End time: 1773161919537275336 microseconds
Duration of sorting: 10 microseconds

Data before sorting: 643 467 568 575 240 132 295 267 5 845 128 243 529 501 647 205 145 269 691 702 605 597 963 206 842 876 518 205 603 216 85 24 954 28 895 495 558 406 282 57 639 827 417 42 627 45 396 363 301 141 397 413 849 693 838 163 285 305 338 105 483 989 384 146 328 104 529 127 96 783 23 164 190 21 962 312 760 1 521 45 122 202 998 547 888 888 959 75 564 793 298 804 185 626 780 768 155 614 601 770
Data after sorting: 1 5 21 23 24 28 42 45 45 57 75 85 96 104 105 122 127 128 132 141 145 146 155 163 164 185 190 202 205 205 206 216 240 243 267 269 282 285 295 298 301 305 312 328 338 363 384 396 397 406 413 417 467 483 495 501 518 521 529 529 547 558 564 568 575 597 601 603 605 614 626 627 639 643 647 691 693 702 760 768 770 780 783 793 804 827 838 842 845 849 876 888 888 895 954 959 962 963 989 998
Number of variables created in memory: 4
Estimated memory before sorting: 400 bytes
Estimated memory after sorting: 400 bytes
Number of pointers used: 2
Number of new/delete operations: 0
========================================

========================================
Test number: 4
File: samples/sample_4.txt
Start time: 1773161921936654905 microseconds
End time: 1773161921936666296 microseconds
Duration of sorting: 11 microseconds

Data before sorting: 738 234 566 699 794 670 927 766 80 495 116 297 113 370 287 514 551 906 444 785 449 764 688 821 148 718 119 711 140 409 844 692 371 441 611 516 910 470 183 103 50 290 263 941 380 184 535 332 205 642 757 685 617 919 778 989 194 215 245 617 640 199 400 812 962 340 763 33 170 590 119 964 330 472 798 839 605 203 217 150 28 488 512 982 939 840 576 28 953 446 480 385 990 969 493 198 827 821 276 357
Data after sorting: 28 28 33 50 80 103 113 116 119 119 140 148 150 170 183 184 194 198 199 203 205 215 217 234 245 263 276 287 290 297 330 332 340 357 370 371 380 385 400 409 441 444 446 449 470 472 480 488 493 495 512 514 516 535 551 566 576 590 605 611 617 617 640 642 670 685 688 692 699 711 718 738 757 763 764 766 778 785 794 798 812 821 821 827 839 840 844 906 910 919 927 939 941 953 962 964 969 982 989 990
Number of variables created in memory: 4
Estimated memory before sorting: 400 bytes
Estimated memory after sorting: 400 bytes
Number of pointers used: 2
Number of new/delete operations: 0
========================================

========================================
Test number: 5
File: samples/sample_5.txt
Start time: 1773161924110505355 microseconds
End time: 1773161924110519060 microseconds
Duration of sorting: 13 microseconds

Data before sorting: 67 8 721 829 121 422 809 105 934 264 342 184 312 227 600 741 694 957 45 838 626 483 175 144 80 654 313 618 414 931 394 560 723 40 511 144 343 486 468 985 546 201 834 660 348 15 783 40 651 381 873 932 410 247 184 755 93 448 557 666 976 405 295 738 393 214 818 214 394 642 890 552 30 274 899 90 291 522 980 936 772 906 812 109 474 960 302 491 324 95 886 697 429 699 3 794 618 585 638 72
Data after sorting: 3 8 15 30 40 40 45 67 72 80 90 93 95 105 109 121 144 144 175 184 184 201 214 214 227 247 264 274 291 295 302 312 313 324 342 343 348 381 393 394 394 405 410 414 422 429 448 468 474 483 486 491 511 522 546 552 557 560 585 600 618 618 626 638 642 651 654 660 666 694 697 699 721 723 738 741 755 772 783 794 809 812 818 829 834 838 873 886 890 899 906 931 932 934 936 957 960 976 980 985
Number of variables created in memory: 4
Estimated memory before sorting: 400 bytes
Estimated memory after sorting: 400 bytes
Number of pointers used: 2
Number of new/delete operations: 0
========================================

========================================
Test number: 6
File: samples/sample_6.txt
Start time: 1773161928237199815 microseconds
End time: 1773161928237211867 microseconds
Duration of sorting: 12 microseconds

Data before sorting: 602 734 84 499 188 561 773 91 590 991 686 874 73 270 561 842 258 850 221 997 115 717 99 750 243 844 746 236 594 105 536 208 375 799 235 411 590 518 841 991 477 557 83 720 933 208 486 463 125 805 839 671 382 770 108 952 955 10 343 840 213 384 458 684 24 446 245 711 653 773 337 577 21 425 272 643 961 951 712 874 613 82 42 655 978 238 547 664 511 944 811 574 716 259 830 397 146 530 590 60
Data after sorting: 10 21 24 42 60 73 82 83 84 91 99 105 108 115 125 146 188 208 208 213 221 235 236 238 243 245 258 259 270 272 337 343 375 382 384 397 411 425 446 458 463 477 486 499 511 518 530 536 547 557 561 561 574 577 590 590 590 594 602 613 643 653 655 664 671 684 686 711 712 716 717 720 734 746 750 770 773 773 799 805 811 830 839 840 841 842 844 850 874 874 933 944 951 952 955 961 978 991 991 997
Number of variables created in memory: 4
Estimated memory before sorting: 400 bytes
Estimated memory after sorting: 400 bytes
Number of pointers used: 2
Number of new/delete operations: 0
========================================

========================================
Test number: 7
File: samples/sample_7.txt
Start time: 1773161930504832505 microseconds
End time: 1773161930504845520 microseconds
Duration of sorting: 13 microseconds

Data before sorting: 847 483 342 791 144 173 183 130 163 130 425 402 605 376 94 34 26 726 88 751 271 911 342 83 776 999 743 208 109 455 478 647 647 983 842 596 388 90 315 618 416 140 441 438 616 546 996 423 652 203 635 665 534 880 355 588 854 339 163 699 765 877 757 257 49 291 455 436 712 873 570 480 360 985 272 164 48 194 86 216 995 271 630 531 794 336 16 40 119 973 395 866 844 766 298 93 194 609 871 559
Data after sorting: 16 26 34 40 48 49 83 86 88 90 93 94 109 119 130 130 140 144 163 163 164 173 183 194 194 203 208 216 257 271 271 272 291 298 315 336 339 342 342 355 360 376 388 395 402 416 423 425 436 438 441 455 455 478 480 483 531 534 546 559 570 588 596 605 609 616 618 630 635 647 647 652 665 699 712 726 743 751 757 765 766 776 791 794 842 844 847 854 866 871 873 877 880 911 973 983 985 995 996 999
Number of variables created in memory: 4
Estimated memory before sorting: 400 bytes
Estimated memory after sorting: 400 bytes
Number of pointers used: 2
Number of new/delete operations: 0
========================================

========================================
Test number: 8
File: samples/sample_8.txt
Start time: 1773161933050762562 microseconds
End time: 1773161933050775786 microseconds
Duration of sorting: 13 microseconds

Data before sorting: 894 374 979 308 83 996 447 438 227 83 804 117 349 606 219 970 807 30 477 827 51 489 378 958 488 468 677 292 298 657 15 254 599 436 819 758 210 21 633 491 731 241 967 525 87 117 683 300 568 439 169 898 463 686 12 83 23 378 19 21 401 131 535 489 262 209 518 459 477 849 292 730 405 314 474 370 437 156 16 837 705 591 759 586 272 372 465 593 724 930 82 152 849 344 720 224 990 133 445 893
Data after sorting: 12 15 16 19 21 21 23 30 51 82 83 83 83 87 117 117 131 133 152 156 169 209 210 219 224 227 241 254 262 272 292 292 298 300 308 314 344 349 370 372 374 378 378 401 405 436 437 438 439 445 447 459 463 465 468 474 477 477 488 489 489 491 518 525 535 568 586 591 593 599 606 633 657 677 683 686 705 720 724 730 731 758 759 804 807 819 827 837 849 849 893 894 898 930 958 967 970 979 990 996
Number of variables created in memory: 4
Estimated memory before sorting: 400 bytes
Estimated memory after sorting: 400 bytes
Number of pointers used: 2
Number of new/delete operations: 0
========================================

========================================
Test number: 9
File: samples/sample_9.txt
Start time: 1773161936026708849 microseconds
End time: 1773161936026721873 microseconds
Duration of sorting: 13 microseconds

Data before sorting: 253 527 160 476 870 317 687 125 380 503 228 239 781 291 974 608 880 600 253 905 627 898 494 934 72 471 545 459 871 162 30 421 88 975 314 281 7 674 185 383 874 129 187 449 637 897 645 767 182 226 644 933 139 917 676 660 940 484 315 220 78 773 82 382 682 100 490 245 21 690 457 95 882 635 365 515 429 723 281 107 396 283 179 226 91 195 933 604 454 860 301 560 227 991 728 31 269 543 749 507
Data after sorting: 7 21 30 31 72 78 82 88 91 95 100 107 125 129 139 160 162 179 182 185 187 195 220 226 226 227 228 239 245 253 253 269 281 281 283 291 301 314 315 317 365 380 382 383 396 421 429 449 454 457 459 471 476 484 490 494 503 507 515 527 543 545 560 600 604 608 627 635 637 644 645 660 674 676 682 687 690 723 728 749 767 773 781 860 870 871 874 880 882 897 898 905 917 933 933 934 940 974 975 991
Number of variables created in memory: 4
Estimated memory before sorting: 400 bytes
Estimated memory after sorting: 400 bytes
Number of pointers used: 2
Number of new/delete operations: 0
========================================

========================================
Test number: 10
File: samples/sample_10.txt
Start time: 1773161939181250356 microseconds
End time: 1773161939181264632 microseconds
Duration of sorting: 14 microseconds

Data before sorting: 193 100 422 383 805 52 857 220 933 363 497 283 715 288 419 525 97 281 512 834 308 508 66 527 346 427 329 764 569 182 769 277 609 182 542 645 164 159 107 685 191 978 724 858 242 87 769 119 659 900 793 388 314 637 741 989 537 914 278 607 524 206 936 983 806 268 48 349 134 339 13 53 180 950 163 857 844 227 223 671 436 656 211 719 458 486 959 678 795 477 8 61 934 992 156 849 212 85 166 935
Data after sorting: 8 13 48 52 53 61 66 85 87 97 100 107 119 134 156 159 163 164 166 180 182 182 191 193 206 211 212 220 223 227 242 268 277 278 281 283 288 308 314 329 339 346 349 363 383 388 419 422 427 436 458 477 486 497 508 512 524 525 527 537 542 569 607 609 637 645 656 659 671 678 685 715 719 724 741 764 769 769 793 795 805 806 834 844 849 857 857 858 900 914 933 934 935 936 950 959 978 983 989 992
Number of variables created in memory: 4
Estimated memory before sorting: 400 bytes
Estimated memory after sorting: 400 bytes
Number of pointers used: 2
Number of new/delete operations: 0
========================================
